1.93
4.51
1.08
2.19
1.82
3.86
3.10
1.80
2.88
2.36
1.49
3.65
4.46
4.03
2.87
1.93
5.83
3.55
3.04
3.81
2.17
2.19
4.11
4.06
2.24
1.88
5.94
2.65
3.14
4.55
2.83
5.69
4.37
3.13
1.13
1.10
3.19
3.19
7.00
1.75
2.59
3.95
6.06
3.21
2.79
2.76
1.16
0.58
1.26
4.55
2.45
5.73
4.88
7.68
7.57
3.83
4.55
5.75
8.68
4.67
5.15
4.34
5.75
6.29
1.98
7.84
4.89
6.04
3.41
1.56
1.91
1.02
2.64
2.77
3.53
3.21
2.45
3.57
1.67
5.34
4.16
5.84
3.38
4.60
11.48
4.32
11.52
7.73
4.03
6.08
6.25
7.87
5.83
10.25
11.80
7.29
6.94
10.72
11.65
10.11
11.95
5.04
11.81
11.50
11.92
5.99
11.61
7.83
11.74
11.63
